
strategic_region={
	id=52
	name="STRATEGICREGION_52"
	provinces={
		1188 2130 2132 2133 2134 2135 2136 2138 2142 2146 2149 2151 2152 2154 2158 2160 2164 2166 2167 2168 2169 2174 2175 2176 2179 2181 2182 2184 2185 2186 2187 2189 2193 2194 2195 2199 2200 2201 2202 2203 2208 2214 2216 2218 2219 2220 2221 2223 2224 2225 2226 2228 2234 2235 2236 2237 2238 2240 2241 2242 2243 2244 2248 2252 2253 2257 2258 2260 2261 2262 2263 2265 2266 2267 2269 2270 2273 2274 2279 2283 2287 2288 2289 2290 2293 2294 2296 2297 2299 2300 2301 2302 2303 2307 2312 2313 2315 2316 2321 2322 2323 2324 2326 2329 2332 2334 2339 2341 2343 2344 2345 2350 2352 2353 2355 2360 2361 2363 2365 2366 2367 2369 2371 2372 2374 2375 2381 2383 2384 2389 2391 2396 2399 2402 2406 2408 2413 2415 2417 2420 2421 2426 2428 2430 2434 2435 2436 2438 2439 2441 2443 2446 2450 2451 2453 2457 2458 2459 2460 2463 2465 2467 2471 2475 2476 2477 2478 2479 2481 2484 2485 2490 2494 2496 2498 2499 2500 2502 2503 2504 2505 2507 2510 2512 2516 2517 2518 2519 2521 2522 2523 2525 2527 2528 2531 2536 2539 2543 2545 2546 2548 2553 2554 2559 2564 2566 2567 2568 2575 2577 2578 2579 2581 2585 2587 2588 2589 2590 2595 2598 2601 2605 2609 2610 2611 2612 2617 2618 2619 2622 2624 2625 2627 2628 2629 2630 2631 2632 2634 2635 2636 2637 2638 2643 2644 2649 2650 2651 2652 2654 2657 2662 2667 2670 2671 2672 2674 2676 2678 2680 2683 2684 2685 2686 2693 2695 2696 2697 2699 2700 2701 2703 2705 2706 2708 2711 2716 2717 2718 2722 2723 2726 2728 2729 2730 2731 2733 2735 2738 2746 2750 2754 2756 2757 2762 2765 2768 2773 2774 2778 2779 2783 2785 2786 2788 2791 2793 2798 2799 2800 2802 2805 2807 2821 2822 2824 2825 2827 2828 2834 2835 2837 2840 2841 2842 2845 2847 2854 2855 2856 2859 2860 2861 2864 2871 2873 2875 2876 2877 2879 2880 2884 2886 2887 2891 2894 2895 2897 2899 2900 2901 2905 2907 2910 2911 2916 2922 2923 2926 2927 2928 2929 2931 2932 2933 2934 2941 2943 2945 2949 2950 2952 2955 2956 2958 2961 2962 2963 2964 2965 2966 2967 2969 2973 2976 2977 2981 2982 2983 2987 2992 2994 2998 3000 3001 3002 3005 3007 3014 3017 3020 3023 3026 3035 3037 3039 3040 3041 3044 3045 3048 3051 3053 3057 3060 3061 3062 3067 3068 3071 3079 3081 3082 3083 3085 3090 3091 3094 3096 3102 3106 3109 3111 3115 3116 3117 3120 3121 3123 3126 3128 3130 3133 3136 3142 3143 3144 3145 3147 3152 3154 3156 3157 3161 3162 3163 3165 3169 3171 3172 3173 3174 3175 3177 3178 3180 3181 3186 3187 3192 3193 3195 3198 3200 3201 3202 3204 3206 3207 3210 3213 3214 
	}
	weather={
	}
}
